  3                        2                        1.1000000000000000888  14.21
  2                        4                        3.1000000000000000888  29.61
  4                        4                        0.10000000000000000555 32.01
  5                        1                        3.1000000000000000888  35.61
  1                       -1                       -1.8999999999999999112  5.609999999999999
 -5                      -10                      -10                      225.0
  2                       -1                        0.10000000000000000555 5.01
  5                       -1                        6.0999999999999996447  63.209999999999994
  1                        0                       -0.9000000000000000222  1.81
 -2                        3                       -3.8999999999999999112  28.21
 -0                        0                        0.10000000000000000555 0.010000000000000002
 -3                        0                        3.1000000000000000888  18.61
  1                       -0                        1.1000000000000000888  2.21
 -1                        1                        0.10000000000000000555 2.01
 -1                        1                       -1.8999999999999999112  5.609999999999999
  1                       -0                        0.10000000000000000555 1.01
  2                       -1                       -0.9000000000000000222  5.8100000000000005
  0                        1                        0.10000000000000000555 1.01
  0                        1                        1.1000000000000000888  2.21
 -1                        0                       -9.9000000000000003553  99.01
  1                        0                       10                      101.0
 -5                      -10                        0.10000000000000000555 125.01
 -0                        5                        0.10000000000000000555 25.01
 -2                        0                       -4.9000000000000003553  28.010000000000005
  5                        0                       -1.8999999999999999112  28.61
 -2                        0                       -1.8999999999999999112  7.609999999999999
  1                       -2                       -1.8999999999999999112  8.61
  2                        2                       -0.9000000000000000222  8.81
  1                       -1                        0.10000000000000000555 2.01
 -1                       -1                       -0.9000000000000000222  2.81
  1                        1                       -0.9000000000000000222  2.81
 -0                        0                       -0                      0.0
  0.67000000000000003997  -1                       -0                      1.4489
  0.17000000000000001221   0.5                     -0                      0.2789
 -0.89000000000000001332   0.33000000000000001554   0                      0.901
 -0.41999999999999998446   0.25                    -0                      0.23889999999999997
 -0.4500000000000000111   -0.33000000000000001554  -0                      0.3114
  0.02000000000000000042   0.28999999999999998002  -0                      0.08449999999999999
  0.42999999999999999334  -0.05999999999999999778  -0                      0.18849999999999997
  0.22000000000000000111   0.02000000000000000042  -0                      0.048799999999999996
  0.13000000000000000444  -0.28000000000000002665  -0                      0.09530000000000001
  0.05000000000000000278   0.14999999999999999445  -0                      0.025
 -0.19000000000000000222   0.08000000000000000167  -0                      0.0425
 -0.08999999999999999667   0.07000000000000000666  -0                      0.013000000000000001
 -0.11000000000000000056  -0.10000000000000000555  -0                      0.0221
 -0.07000000000000000666  -0.04000000000000000083  -0                      0.006500000000000001
  0.04000000000000000083  -0.10000000000000000555  -0                      0.011600000000000003
  0.01000000000000000021  -0.05999999999999999778  -0                      0.0036999999999999997
 -0.04000000000000000083  -0.07000000000000000666   0                      0.006500000000000001
 -0.02999999999999999889  -0.05000000000000000278   0                      0.0034000000000000002
  0.04000000000000000083   0.5                     -0                      0.2516
  0.5                     -0.11000000000000000056  -0                      0.2621
 -0.22000000000000000111  -0.19000000000000000222  -1                      1.0845
  0                        0                       -0.2999999999999999889  0.09
  0.05999999999999999778  -0.02000000000000000042  -0                      0.004
 -0.01000000000000000021  -0.07000000000000000666  -0.10000000000000000555 0.015000000000000003
  0                       -0.02000000000000000042   0.05000000000000000278 0.0029000000000000007
 -0.02999999999999999889   0.01000000000000000021   0.02999999999999999889 0.0019
  0.01000000000000000021   0.04000000000000000083   0.05000000000000000278 0.004200000000000001
 -0.02000000000000000042  -0.02999999999999999889   0.01000000000000000021 0.0014
 -0.02999999999999999889   0.01000000000000000021  -0.02000000000000000042 0.0014
  0                       -0.02000000000000000042  -0.04000000000000000083 0.002
 -0.02000000000000000042  -0                        0.01000000000000000021 0.0005
 -0                       -0.02999999999999999889   0.02999999999999999889 0.0018
 -0.02000000000000000042   0                       -0.01000000000000000021 0.0005
 -0.01000000000000000021   0.02999999999999999889  -0.01000000000000000021 0.0011
 -0.01000000000000000021   0.02000000000000000042  -0.01000000000000000021 0.0006000000000000001
 -0.02000000000000000042  -0.02000000000000000042   0.01000000000000000021 0.0009000000000000001
 -0.01000000000000000021   0.01000000000000000021  -0.01000000000000000021 0.00030000000000000003
  0                        0.01000000000000000021   0.01000000000000000021 0.0002
  0.01000000000000000021   0.01000000000000000021  -0.01000000000000000021 0.00030000000000000003
 -0                        0.01000000000000000021  -0.01000000000000000021 0.0002
  0.01000000000000000021  -0                        0.01000000000000000021 0.0002
  0.01000000000000000021   0.01000000000000000021   0.01000000000000000021 0.00030000000000000003
 -0.2000000000000000111    0.08000000000000000167   0.17000000000000001221 0.07530000000000002
  0.11000000000000000056   0.2000000000000000111    0.22000000000000000111 0.1005
  0.02999999999999999889  -0.10000000000000000555   0.5                    0.2609
 -0                        0                       -0.01000000000000000021 0.0001
 -0.10000000000000000555   0.05000000000000000278   0.02999999999999999889 0.013400000000000002
 -0.05000000000000000278  -0.10000000000000000555   0.05000000000000000278 0.015000000000000003
 -0.02000000000000000042  -0.01000000000000000021  -0.2000000000000000111  0.04050000000000001
 -0.01000000000000000021   0.00670000000000000023  -0.01000000000000000021 0.00024489
  0.0050000000000000001    0.00169999999999999991   0.01000000000000000021 0.00012789
  0.00329999999999999998  -0.00889999999999999993  -0.01000000000000000021 0.0001901
  0.00250000000000000005  -0.00419999999999999974  -0.01000000000000000021 0.00012389
 -0.00329999999999999998  -0.00449999999999999966  -0.02000000000000000042 0.00043114
  0.0028999999999999998    0.00020000000000000001  -0                      8.449999999999999e-06
 -0.00059999999999999995   0.0043                  -0                      1.885e-05
  0.00150000000000000003   0.00300000000000000006   0.01000000000000000021 0.00011125000000000001
  0.00040000000000000002   0.00080000000000000004  -0.01000000000000000021 0.00010080000000000001
 -0.02750000000000000014   0.05000000000000000278   0.07000000000000000666 0.00815625
 -0.04050000000000000128  -0.05000000000000000278   0.08000000000000000167 0.010540250000000001
  0.05000000000000000278  -0.00619999999999999978   0.08999999999999999667 0.01063844
  0.00020000000000000001   0.0001                   0                      5e-08
  0.00209999999999999987   0.00020000000000000001   0.01000000000000000021 0.00010445
  0.00050000000000000001   0.0001                  -0.0050000000000000001  2.5260000000000002e-05
 -0.00759999999999999998  -0.02000000000000000042  -0.02539999999999999897 0.00110292
 -0.02000000000000000042   0.00119999999999999989   0.03160000000000000309 0.0014000000000000002
  0.01179999999999999973  -0.01469999999999999953   0.05000000000000000278 0.0028553300000000005
  0.00020000000000000001   0.00029999999999999997  -0.00059999999999999995 4.9e-07
